[gd_scene load_steps=8 format=3 uid="uid://dax8cqqxulwsk"]

[ext_resource type="PackedScene" uid="uid://c4awtm1lmpwgi" path="res://assets/Environments/Objects/Columns/Object_ClassicColumn_White.glb" id="1_43hdl"]
[ext_resource type="PackedScene" uid="uid://dp4glovwmtg7o" path="res://assets/Environments/Floor/Environment_RoundFloor_Checkered.glb" id="2_w51kg"]
[ext_resource type="PackedScene" uid="uid://cfo6ijs8hdcgp" path="res://assets/Environments/Walls/Environment_MarbleLoop_White.glb" id="3_gr4n4"]
[ext_resource type="PackedScene" uid="uid://c2dwi7uhlcor2" path="res://assets/Environments/Walls/Environment_MarbleWall_White.glb" id="4_f2tj2"]
[ext_resource type="PackedScene" uid="uid://d2b1130k7nu4j" path="res://assets/Environments/Ceiling/Environment_MarbleLoopCeiling_White.glb" id="5_50g2v"]
[ext_resource type="PackedScene" uid="uid://ffbujfy87xwx" path="res://assets/Environments/Ceiling/Environment_MarbleDome_White.glb" id="6_rsjjy"]
[ext_resource type="PackedScene" uid="uid://cmsi73eoam8mp" path="res://assets/Environments/Objects/Columns/Object_Pedestal_Marble.glb" id="7_4q54w"]

[node name="RoundClassicalRoom" type="Node3D"]

[node name="Object_ClassicColumn_White5" parent="." instance=ExtResource("1_43hdl")]
transform = Transform3D(0.667638, 0, 0.744486, 0, 1.26332, 0, -0.744486, 0, 0.667638, -17.6867, 0.902152, 16.2713)

[node name="Object_ClassicColumn_White6" parent="." instance=ExtResource("1_43hdl")]
transform = Transform3D(0.651926, 0, 0.758282, 0, 1.26332, 0, -0.758282, 0, 0.651926, 15.4763, 0.902152, -16.9487)

[node name="Object_ClassicColumn_White12" parent="." instance=ExtResource("1_43hdl")]
transform = Transform3D(0.213662, 0, 0.976908, 0, 1.26332, 0, -0.976908, 0, 0.213662, 4.90216, 0.902152, -22.2582)

[node name="Object_ClassicColumn_White7" parent="." instance=ExtResource("1_43hdl")]
transform = Transform3D(0.349743, 0.000141166, 0.936732, 0.00145613, 1.26332, -0.000662296, -0.937254, 0.00201538, 0.349547, -22.1561, 0.902152, -6.87741)

[node name="Object_ClassicColumn_White8" parent="." instance=ExtResource("1_43hdl")]
transform = Transform3D(0.166184, 0, 0.986095, 0, 1.26332, 0, -0.986095, 0, 0.166184, 21.7739, 0.902152, 5.84186)

[node name="Object_ClassicColumn_White9" parent="." instance=ExtResource("1_43hdl")]
transform = Transform3D(0.744766, 0, 0.667326, 0, 1.26332, 0, -0.667326, 0, 0.744766, 15.903, 0.902152, 16.9327)

[node name="Object_ClassicColumn_White10" parent="." instance=ExtResource("1_43hdl")]
transform = Transform3D(0.744766, 0, 0.667326, 0, 1.26332, 0, -0.667326, 0, 0.744766, -14.99, 0.902152, -17.2048)

[node name="Object_ClassicColumn_White4" parent="." instance=ExtResource("1_43hdl")]
transform = Transform3D(0.968998, 0, 0.247066, 0, 1.26332, 0, -0.247066, 0, 0.968998, -23.2398, 0.892765, 5.77953)

[node name="Object_ClassicColumn_White11" parent="." instance=ExtResource("1_43hdl")]
transform = Transform3D(0.979508, 0, -0.201402, 0, 1.26332, 0, 0.201402, 0, 0.979508, -7.47082, 0.892778, 22.7905)

[node name="Object_ClassicColumn_White3" parent="." instance=ExtResource("1_43hdl")]
transform = Transform3D(0.968998, 0, 0.247066, 0, 1.26332, 0, -0.247066, 0, 0.968998, -5.98544, 0.905196, -21.9619)

[node name="Object_ClassicColumn_White2" parent="." instance=ExtResource("1_43hdl")]
transform = Transform3D(0.968998, 0, 0.247066, 0, 1.26332, 0, -0.247066, 0, 0.968998, 21.9936, 0.778333, -5.76366)

[node name="Object_ClassicColumn_White" parent="." instance=ExtResource("1_43hdl")]
transform = Transform3D(0.968998, 0, 0.247066, 0, 1.26332, 0, -0.247066, 0, 0.968998, 5.80436, 1.00347, 23.1149)

[node name="Environment_RoundFloor_Checkered" parent="." instance=ExtResource("2_w51kg")]
transform = Transform3D(1, 0, 0, 0, 1, 0, 0, 0, 1, -0.382482, -0.596021, 0.649436)

[node name="Environment_MarbleLoop_White" parent="." instance=ExtResource("3_gr4n4")]
transform = Transform3D(0.975142, 0, 0, 0, 0.691163, 0, 0, 0, 0.975142, -0.209943, 6.73971, 0.852088)

[node name="Environment_MarbleLoop_White2" parent="." instance=ExtResource("3_gr4n4")]
transform = Transform3D(0.975142, 0, 0, 0, 0.648891, 0, 0, 0, 0.975142, -0.225186, 12.5605, 0.853354)

[node name="Environment_MarbleWall_White" parent="." instance=ExtResource("4_f2tj2")]
transform = Transform3D(0.946091, 0, -0.323901, 0, 1, 0, 0.323901, 0, 0.946091, -0.784606, -0.628431, -1.12067)

[node name="Environment_MarbleWall_White3" parent="." instance=ExtResource("4_f2tj2")]
transform = Transform3D(0.800815, 0, -0.598912, 0, 1, 0, 0.598912, 0, 0.800815, -0.455104, -0.628431, -0.714085)

[node name="Environment_MarbleWall_White4" parent="." instance=ExtResource("4_f2tj2")]
transform = Transform3D(0.595608, 0, -0.803275, 0, 1, 0, 0.803275, 0, 0.595608, 0.206641, -0.628431, -0.487532)

[node name="Environment_MarbleWall_White5" parent="." instance=ExtResource("4_f2tj2")]
transform = Transform3D(0.332342, 0, -0.943159, 0, 1, 0, 0.943159, 0, 0.332342, 0.335405, -0.628431, 0.000131607)

[node name="Environment_MarbleWall_White2" parent="." instance=ExtResource("4_f2tj2")]
transform = Transform3D(-0.323868, 0, -0.946102, 0, 1, 0, 0.946102, 0, -0.323868, 1.87615, -0.628431, 0.821044)

[node name="Environment_MarbleWall_White6" parent="." instance=ExtResource("4_f2tj2")]
transform = Transform3D(-0.598884, 0, -0.800836, 0, 1, 0, 0.800836, 0, -0.598884, 1.46958, -0.628431, 1.15056)

[node name="Environment_MarbleWall_White7" parent="." instance=ExtResource("4_f2tj2")]
transform = Transform3D(-0.803254, 0, -0.595636, 0, 1, 0, 0.595636, 0, -0.803254, 1.24305, -0.628431, 1.81231)

[node name="Environment_MarbleWall_White8" parent="." instance=ExtResource("4_f2tj2")]
transform = Transform3D(-0.943147, 0, -0.332375, 0, 1, 0, 0.332375, 0, -0.943147, 0.755391, -0.628431, 1.94109)

[node name="Environment_MarbleWall_White9" parent="." instance=ExtResource("4_f2tj2")]
transform = Transform3D(-0.945376, 0, 0.325981, 0, 1, 0, -0.325981, 0, -0.945376, -0.182464, -0.628431, 2.87964)

[node name="Environment_MarbleWall_White10" parent="." instance=ExtResource("4_f2tj2")]
transform = Transform3D(-0.799496, 0, 0.600671, 0, 1, 0, -0.600671, 0, -0.799496, -0.511071, -0.628431, 2.47233)

[node name="Environment_MarbleWall_White11" parent="." instance=ExtResource("4_f2tj2")]
transform = Transform3D(-0.59384, 0, 0.804583, 0, 1, 0, -0.804583, 0, -0.59384, -1.17232, -0.628431, 2.24432)

[node name="Environment_MarbleWall_White12" parent="." instance=ExtResource("4_f2tj2")]
transform = Transform3D(-0.330267, 0, 0.943888, 0, 1, 0, -0.943888, 0, -0.330267, -1.30001, -0.628431, 1.75637)

[node name="Environment_MarbleWall_White13" parent="." instance=ExtResource("4_f2tj2")]
transform = Transform3D(0.325948, 0, 0.945388, 0, 1, 0, -0.945388, 0, 0.325948, -3.32186, -0.628431, 0.999334)

[node name="Environment_MarbleWall_White17" parent="." instance=ExtResource("4_f2tj2")]
transform = Transform3D(-0.0279267, 0, 1.34404, 0, 0.303607, 0, -0.989885, 0, -0.0379183, -3.86136, 13.6213, 1.84097)

[node name="Environment_MarbleWall_White19" parent="." instance=ExtResource("4_f2tj2")]
transform = Transform3D(-0.989862, 0, -0.0389973, 0, 0.303607, 0, 0.0287214, 0, -1.34401, -0.0325975, 13.6213, 3.83193)

[node name="Environment_MarbleWall_White20" parent="." instance=ExtResource("4_f2tj2")]
transform = Transform3D(0.0134809, 0, -1.34446, 0, 0.303607, 0, 0.990187, 0, 0.0183041, 2.21841, 13.6213, 0.298317)

[node name="Environment_MarbleWall_White21" parent="." instance=ExtResource("4_f2tj2")]
transform = Transform3D(0.990176, 0, 0.0193834, 0, 0.303607, 0, -0.0142758, 0, 1.34444, -1.5809, 13.6213, -1.74829)

[node name="Environment_MarbleWall_White14" parent="." instance=ExtResource("4_f2tj2")]
transform = Transform3D(0.600643, 0, 0.799517, 0, 1, 0, -0.799517, 0, 0.600643, -2.91456, -0.628431, 0.670712)

[node name="Environment_MarbleWall_White15" parent="." instance=ExtResource("4_f2tj2")]
transform = Transform3D(0.804562, 0, 0.593868, 0, 1, 0, -0.593868, 0, 0.804562, -2.68658, -0.628431, 0.00945926)

[node name="Environment_MarbleWall_White16" parent="." instance=ExtResource("4_f2tj2")]
transform = Transform3D(0.943876, 0, 0.3303, 0, 1, 0, -0.3303, 0, 0.943876, -2.19863, -0.628431, -0.118249)

[node name="Environment_MarbleLoopCeiling_White" parent="." instance=ExtResource("5_50g2v")]
transform = Transform3D(1, 0, 0, 0, 1, 0, 0, 0, 1, -0.311275, 3.89879, 0.634493)

[node name="Environment_MarbleDome_White" parent="." instance=ExtResource("6_rsjjy")]
transform = Transform3D(1, 0, 0, 0, 1, 0, 0, 0, 1, -0.490449, 14.63, 1.10238)

[node name="Environment_MarbleWall_White18" parent="." instance=ExtResource("4_f2tj2")]
transform = Transform3D(1, 0, 0, 0, 0.575923, 0, 0, 0, 1, 14.6967, 19.3279, -1.00164)

[node name="Environment_MarbleWall_White22" parent="." instance=ExtResource("4_f2tj2")]
transform = Transform3D(-0.998689, 0, -0.0089604, 0, 0.575923, 0, 0.00766946, 0, -1.16679, -15.1204, 19.3279, 3.38343)

[node name="Environment_MarbleWall_White23" parent="." instance=ExtResource("4_f2tj2")]
transform = Transform3D(-5.23764e-05, 0, 1.07336, 0, 0.575923, 0, -0.999996, 0, -5.62191e-05, -2.51817, 19.3279, -14.1318)

[node name="Environment_MarbleWall_White24" parent="." instance=ExtResource("4_f2tj2")]
transform = Transform3D(0.00772241, 0, -1.15488, 0, 0.575923, 0, 0.998772, 0, 0.00892941, 1.5672, 19.3279, 15.6851)

[node name="Environment_MarbleWall_White25" parent="." instance=ExtResource("4_f2tj2")]
transform = Transform3D(0.505642, 0, 0.862743, 0, 0.575923, 0, -0.862743, 0, 0.505642, 5.79231, 19.3279, -12.9848)

[node name="Environment_MarbleWall_White26" parent="." instance=ExtResource("4_f2tj2")]
transform = Transform3D(-0.499002, 0, -0.866601, 0, 0.575923, 0, 0.866601, 0, -0.499002, -6.21605, 19.3279, 14.5381)

[node name="Environment_MarbleWall_White27" parent="." instance=ExtResource("4_f2tj2")]
transform = Transform3D(-0.86277, 0, 0.505597, 0, 0.575923, 0, -0.505597, 0, -0.86277, -13.9736, 19.3279, -5.22681)

[node name="Environment_MarbleWall_White28" parent="." instance=ExtResource("4_f2tj2")]
transform = Transform3D(0.866627, 0, -0.498957, 0, 0.575923, 0, 0.498957, 0, 0.866627, 13.5499, 19.3279, 6.78011)

[node name="Environment_MarbleWall_White29" parent="." instance=ExtResource("4_f2tj2")]
transform = Transform3D(0.875498, 0, 0.483221, 0, 0.575923, 0, -0.483221, 0, 0.875498, 12.0524, 19.3279, -7.26973)

[node name="Environment_MarbleWall_White30" parent="." instance=ExtResource("4_f2tj2")]
transform = Transform3D(-0.871762, 0, -0.48993, 0, 0.575923, 0, 0.48993, 0, -0.871762, -12.405, 19.3279, 9.53767)

[node name="Environment_MarbleWall_White31" parent="." instance=ExtResource("4_f2tj2")]
transform = Transform3D(-0.483267, 0, 0.875473, 0, 0.575923, 0, -0.875473, 0, -0.483267, -8.97353, 19.3279, -11.416)

[node name="Environment_MarbleWall_White32" parent="." instance=ExtResource("4_f2tj2")]
transform = Transform3D(0.489976, 0, -0.871736, 0, 0.575923, 0, 0.871736, 0, 0.489976, 8.54978, 19.3279, 12.9693)

[node name="Object_Pedestal_Marble" parent="." instance=ExtResource("7_4q54w")]
transform = Transform3D(1, 0, 0, 0, 1, 0, 0, 0, 1, -0.709007, 0, -0.12898)

[node name="Object_Pedestal_Marble2" parent="." instance=ExtResource("7_4q54w")]
transform = Transform3D(1.1251, 0, 0, 0, 0.101862, 0, 0, 0, 1.08122, -0.709007, 1.87104, -0.12898)

[node name="Object_Pedestal_Marble5" parent="." instance=ExtResource("7_4q54w")]
transform = Transform3D(1.08122, 0, 0, 0, 0.101862, 0, 0, 0, 1.08122, -0.709007, -0.34164, -0.12898)

[node name="Object_Pedestal_Marble3" parent="." instance=ExtResource("7_4q54w")]
transform = Transform3D(1.20128, 0, 0, 0, 0.043073, 0, 0, 0, 1.16183, -0.709007, 1.9006, -0.12898)

[node name="Object_Pedestal_Marble4" parent="." instance=ExtResource("7_4q54w")]
transform = Transform3D(1.18381, 0, 0, 0, 0.0424407, 0, 0, 0, 1.20663, -0.709007, -0.347243, -0.12898)
