[gd_scene load_steps=51 format=3 uid="uid://bmmsv1log3xwv"]

[ext_resource type="Script" path="res://scripts/artifacts_controller.gd" id="1_6cwju"]
[ext_resource type="PackedScene" uid="uid://cl6qk62t7vj7w" path="res://prefabs/Camera.tscn" id="1_degd7"]
[ext_resource type="PackedScene" uid="uid://bb1s1327i87sm" path="res://scenes/artifacts/altarpiece.tscn" id="2_5vg8u"]
[ext_resource type="PackedScene" uid="uid://cb1g5turiyauj" path="res://scenes/artifacts/autumn_jade.tscn" id="3_1svix"]
[ext_resource type="PackedScene" uid="uid://dfama7c4fibjl" path="res://scenes/artifacts/boreas.tscn" id="4_ag2wp"]
[ext_resource type="PackedScene" uid="uid://ds68a0mcf3631" path="res://scenes/artifacts/ding.tscn" id="5_hy7bc"]
[ext_resource type="PackedScene" uid="uid://dwwlv42dcudt6" path="res://scenes/artifacts/polyxena.tscn" id="6_kphf3"]
[ext_resource type="PackedScene" uid="uid://bylxii3alupxh" path="res://scenes/artifacts/tiger_hat.tscn" id="7_p0wwp"]
[ext_resource type="PackedScene" uid="uid://ko2nmdk51x58" path="res://scenes/artifacts/vase.tscn" id="8_v46se"]
[ext_resource type="Script" path="res://scripts/lighting/lighting_controller.gd" id="9_n55bv"]
[ext_resource type="Script" path="res://scripts/lighting/lighting_preset.gd" id="10_d6id1"]
[ext_resource type="Script" path="res://scripts/ui/select_lighting_preset_option_ button.gd" id="23_timv0"]
[ext_resource type="Texture2D" uid="uid://djjhqesqgcey6" path="res://assets/ui/screenshot.png" id="24_xbw2p"]
[ext_resource type="Script" path="res://scripts/ui/screenshot_button.gd" id="25_f72p0"]
[ext_resource type="Script" path="res://scripts/lighting/moving_light_controller.gd" id="26_rrpov"]
[ext_resource type="Script" path="res://scripts/ui/customize_lighting_button.gd" id="27_m6k8c"]
[ext_resource type="PackedScene" uid="uid://c72ra7k2av6rs" path="res://scenes/lighting/new_light_widget.tscn" id="31_tkixp"]
[ext_resource type="Script" path="res://scripts/dissappearing_plane.gd" id="53_2n2wg"]
[ext_resource type="Script" path="res://scripts/ui/cycle_artifacts_button.gd" id="54_30yx2"]
[ext_resource type="Texture2D" uid="uid://5vgr1ua8ix5r" path="res://assets/ui/next_button.png" id="54_85vjq"]
[ext_resource type="Script" path="res://scripts/ui/select_artifact_button.gd" id="56_1pv8i"]
[ext_resource type="Script" path="res://scripts/ui/open_select_object_window_button.gd" id="56_51th4"]
[ext_resource type="Texture2D" uid="uid://oqumf0ifuv1m" path="res://assets/ui/prev_button.png" id="56_75ttd"]
[ext_resource type="Script" path="res://scripts/ui/select_artifact_window.gd" id="56_oke6g"]
[ext_resource type="Texture2D" uid="uid://triprnly8itd" path="res://assets/ui/flashlight_off.png" id="59_7wb36"]
[ext_resource type="Script" path="res://scripts/ui/flashlight_toggle_button.gd" id="60_r0ptn"]
[ext_resource type="Texture2D" uid="uid://18l112q6up3u" path="res://assets/ui/light_full.png" id="61_4qfjy"]
[ext_resource type="Script" path="res://scripts/ui/world_lighting_toggle_button.gd" id="62_yowdy"]
[ext_resource type="Texture2D" uid="uid://70p6ny2wqfts" path="res://assets/ui/toggle_annotations_on.png" id="67_wwbkf"]
[ext_resource type="Script" path="res://scripts/ui/annotations_toggle_button.gd" id="68_iinhw"]

[sub_resource type="StandardMaterial3D" id="StandardMaterial3D_whdku"]
transparency = 1
albedo_color = Color(1, 1, 1, 0.168627)
emission_enabled = true
emission = Color(1, 1, 1, 1)
emission_energy_multiplier = 16.0

[sub_resource type="Sky" id="Sky_vfwqk"]

[sub_resource type="Environment" id="Environment_7futl"]
background_mode = 1
background_color = Color(0.0509804, 0.0509804, 0.0509804, 1)
sky = SubResource("Sky_vfwqk")
sky_custom_fov = 1.0
ambient_light_source = 2
ambient_light_color = Color(1, 1, 1, 1)
ambient_light_energy = 0.0
fog_enabled = true
fog_light_color = Color(0.0509804, 0.0509804, 0.0509804, 1)
fog_density = 0.05

[sub_resource type="PlaneMesh" id="PlaneMesh_bfdjv"]

[sub_resource type="StandardMaterial3D" id="StandardMaterial3D_skwcb"]
render_priority = -100
transparency = 1
depth_draw_mode = 1
albedo_color = Color(0, 0, 0, 1)

[sub_resource type="InputEventKey" id="InputEventKey_klwue"]
device = -1
shift_pressed = true
keycode = 77
unicode = 77

[sub_resource type="Shortcut" id="Shortcut_qss7a"]
events = [SubResource("InputEventKey_klwue")]

[sub_resource type="InputEventKey" id="InputEventKey_gj1rb"]
device = -1
shift_pressed = true
keycode = 78
unicode = 78

[sub_resource type="Shortcut" id="Shortcut_rc08y"]
events = [SubResource("InputEventKey_gj1rb")]

[sub_resource type="SystemFont" id="SystemFont_gbd4e"]
font_names = PackedStringArray("Cascadia Code")

[sub_resource type="InputEventKey" id="InputEventKey_ytv0s"]
device = -1
shift_pressed = true
keycode = 66
unicode = 66

[sub_resource type="Shortcut" id="Shortcut_5853c"]
events = [SubResource("InputEventKey_ytv0s")]

[sub_resource type="StyleBoxEmpty" id="StyleBoxEmpty_eq23d"]

[sub_resource type="InputEventKey" id="InputEventKey_0kej4"]
device = -1
shift_pressed = true
keycode = 70
unicode = 70

[sub_resource type="Shortcut" id="Shortcut_uddkm"]
events = [SubResource("InputEventKey_0kej4")]

[sub_resource type="InputEventKey" id="InputEventKey_awmku"]
device = -1
shift_pressed = true
keycode = 71
unicode = 71

[sub_resource type="Shortcut" id="Shortcut_m2pwi"]
events = [SubResource("InputEventKey_awmku")]

[sub_resource type="InputEventKey" id="InputEventKey_yx0yo"]
device = -1
shift_pressed = true
keycode = 73
unicode = 73

[sub_resource type="Shortcut" id="Shortcut_oup0k"]
events = [SubResource("InputEventKey_yx0yo")]

[sub_resource type="CylinderMesh" id="CylinderMesh_ijaf2"]

[node name="viewer_scene" type="Node3D"]

[node name="artifacts_controller" type="Node3D" parent="."]
script = ExtResource("1_6cwju")
artifacts = Array[NodePath]([NodePath("altarpiece"), NodePath("autumn_jade"), NodePath("boreas"), NodePath("ding"), NodePath("polyxena"), NodePath("tiger_hat"), NodePath("vase")])

[node name="altarpiece" parent="artifacts_controller" instance=ExtResource("2_5vg8u")]

[node name="autumn_jade" parent="artifacts_controller" instance=ExtResource("3_1svix")]

[node name="boreas" parent="artifacts_controller" instance=ExtResource("4_ag2wp")]

[node name="ding" parent="artifacts_controller" instance=ExtResource("5_hy7bc")]

[node name="polyxena" parent="artifacts_controller" instance=ExtResource("6_kphf3")]

[node name="tiger_hat" parent="artifacts_controller" instance=ExtResource("7_p0wwp")]

[node name="vase" parent="artifacts_controller" instance=ExtResource("8_v46se")]

[node name="lighting_controller" type="Node3D" parent="." node_paths=PackedStringArray("connected_button", "connected_moving_light_controller")]
script = ExtResource("9_n55bv")
connected_button = NodePath("../ui_root/select_lighting_preset_option_ button")
connected_moving_light_controller = NodePath("../moving_light_controller")

[node name="lighting_preset_default" type="Node3D" parent="lighting_controller"]
script = ExtResource("10_d6id1")
preset_name = "Default"
is_customizable = true

[node name="main_light" type="DirectionalLight3D" parent="lighting_controller/lighting_preset_default"]
transform = Transform3D(0.707107, 0.5, 0.5, -0.707107, 0.5, 0.5, 0, -0.707107, 0.707107, 0, 0, 0)

[node name="backlight_1" type="DirectionalLight3D" parent="lighting_controller/lighting_preset_default"]
transform = Transform3D(0.707107, -0.5, 0.5, -0.707107, -0.5, 0.5, 0, -0.707107, -0.707107, 0, 0, 0)

[node name="backlight_2" type="DirectionalLight3D" parent="lighting_controller/lighting_preset_default"]
transform = Transform3D(0.5, 0.5, -0.707107, 0.5, 0.5, 0.707107, 0.707107, -0.707107, -6.32203e-08, 0, 0, 0)

[node name="lighting_preset_soft" type="Node3D" parent="lighting_controller"]
visible = false
script = ExtResource("10_d6id1")
preset_name = "Soft"
is_customizable = true

[node name="main_light" type="DirectionalLight3D" parent="lighting_controller/lighting_preset_soft"]
transform = Transform3D(0.707107, 0.5, 0.5, -0.707107, 0.5, 0.5, 0, -0.707107, 0.707107, 0, 0, 0)
light_energy = 0.25

[node name="backlight_1" type="DirectionalLight3D" parent="lighting_controller/lighting_preset_soft"]
transform = Transform3D(0.707107, -0.5, 0.5, -0.707107, -0.5, 0.5, 0, -0.707107, -0.707107, 0, 0, 0)
light_energy = 0.05

[node name="backlight_2" type="DirectionalLight3D" parent="lighting_controller/lighting_preset_soft"]
transform = Transform3D(0.5, 0.5, -0.707107, 0.5, 0.5, 0.707107, 0.707107, -0.707107, -6.32203e-08, 0, 0, 0)
light_energy = 0.05

[node name="lighting_preset_soft_2" type="Node3D" parent="lighting_controller"]
visible = false
script = ExtResource("10_d6id1")
preset_name = "Soft 2"
is_customizable = true

[node name="main_light" type="DirectionalLight3D" parent="lighting_controller/lighting_preset_soft_2"]
transform = Transform3D(0.707107, 0.5, 0.5, -0.707107, 0.5, 0.5, 0, -0.707107, 0.707107, 0, 0, 0)
light_color = Color(1, 0.937255, 0.858824, 1)
light_energy = 0.15

[node name="backlight_1" type="DirectionalLight3D" parent="lighting_controller/lighting_preset_soft_2"]
transform = Transform3D(0.707107, -0.5, 0.5, -0.707107, -0.5, 0.5, 0, -0.707107, -0.707107, 0, 0, 0)
light_color = Color(1, 0.937255, 0.858824, 1)
light_energy = 0.05

[node name="backlight_2" type="DirectionalLight3D" parent="lighting_controller/lighting_preset_soft_2"]
transform = Transform3D(0.5, 0.5, -0.707107, 0.5, 0.5, 0.707107, 0.707107, -0.707107, -6.32203e-08, 0, 0, 0)
light_color = Color(1, 0.937255, 0.858824, 1)
light_energy = 0.05

[node name="lighting_preset_warm" type="Node3D" parent="lighting_controller"]
visible = false
script = ExtResource("10_d6id1")
preset_name = "Warm"
is_customizable = true

[node name="main_light" type="DirectionalLight3D" parent="lighting_controller/lighting_preset_warm"]
transform = Transform3D(0.707107, 0.5, 0.5, -0.707107, 0.5, 0.5, 0, -0.707107, 0.707107, 0, 0, 0)
light_color = Color(1, 0.917647, 0.811765, 1)
light_energy = 0.75

[node name="backlight_1" type="DirectionalLight3D" parent="lighting_controller/lighting_preset_warm"]
transform = Transform3D(0.707107, -0.5, 0.5, -0.707107, -0.5, 0.5, 0, -0.707107, -0.707107, 0, 0, 0)
light_color = Color(1, 0.917647, 0.811765, 1)
light_energy = 0.25

[node name="backlight_2" type="DirectionalLight3D" parent="lighting_controller/lighting_preset_warm"]
transform = Transform3D(0.5, 0.5, -0.707107, 0.5, 0.5, 0.707107, 0.707107, -0.707107, -6.32203e-08, 0, 0, 0)
light_color = Color(1, 0.917647, 0.811765, 1)
light_energy = 0.25

[node name="lighting_preset_cool" type="Node3D" parent="lighting_controller"]
visible = false
script = ExtResource("10_d6id1")
preset_name = "Cool"
is_customizable = true

[node name="main_light" type="DirectionalLight3D" parent="lighting_controller/lighting_preset_cool"]
transform = Transform3D(0.707107, 0.5, 0.5, -0.707107, 0.5, 0.5, 0, -0.707107, 0.707107, 0, 0, 0)
light_color = Color(0.933333, 0.980392, 0.988235, 1)
light_energy = 0.75

[node name="backlight_1" type="DirectionalLight3D" parent="lighting_controller/lighting_preset_cool"]
transform = Transform3D(0.707107, -0.5, 0.5, -0.707107, -0.5, 0.5, 0, -0.707107, -0.707107, 0, 0, 0)
light_color = Color(0.933333, 0.980392, 0.988235, 1)
light_energy = 0.25

[node name="backlight_2" type="DirectionalLight3D" parent="lighting_controller/lighting_preset_cool"]
transform = Transform3D(0.5, 0.5, -0.707107, 0.5, 0.5, 0.707107, 0.707107, -0.707107, -6.32203e-08, 0, 0, 0)
light_color = Color(0.933333, 0.980392, 0.988235, 1)
light_energy = 0.25

[node name="lighting_preset_chromatic" type="Node3D" parent="lighting_controller"]
visible = false
script = ExtResource("10_d6id1")
preset_name = "Chromatic"
is_customizable = true

[node name="main_light" type="DirectionalLight3D" parent="lighting_controller/lighting_preset_chromatic"]
transform = Transform3D(0.707107, 0.5, 0.5, -0.707107, 0.5, 0.5, 0, -0.707107, 0.707107, 0, 0, 0)
light_color = Color(1, 0, 0, 1)
light_energy = 0.75

[node name="backlight_1" type="DirectionalLight3D" parent="lighting_controller/lighting_preset_chromatic"]
transform = Transform3D(0.707107, -0.5, 0.5, -0.707107, -0.5, 0.5, 0, -0.707107, -0.707107, 0, 0, 0)
light_color = Color(0, 1, 0, 1)

[node name="backlight_2" type="DirectionalLight3D" parent="lighting_controller/lighting_preset_chromatic"]
transform = Transform3D(0.5, 0.5, -0.707107, 0.5, 0.5, 0.707107, 0.707107, -0.707107, -6.32203e-08, 0, 0, 0)
light_color = Color(0, 0, 0.988235, 1)

[node name="lighting_preset_red_and_blue" type="Node3D" parent="lighting_controller"]
visible = false
script = ExtResource("10_d6id1")
preset_name = "Red & Blue"
is_customizable = true

[node name="main_light" type="DirectionalLight3D" parent="lighting_controller/lighting_preset_red_and_blue"]
transform = Transform3D(0.707107, 0.5, 0.5, -0.707107, 0.5, 0.5, 0, -0.707107, 0.707107, 0, 0, 0)
light_color = Color(1, 0, 0, 1)
light_energy = 0.75

[node name="backlight_1" type="DirectionalLight3D" parent="lighting_controller/lighting_preset_red_and_blue"]
transform = Transform3D(0.707107, -0.5, 0.5, -0.707107, -0.5, 0.5, 0, -0.707107, -0.707107, 0, 0, 0)
light_color = Color(0.572549, 0, 0.356863, 1)
light_energy = 0.5

[node name="backlight_2" type="DirectionalLight3D" parent="lighting_controller/lighting_preset_red_and_blue"]
transform = Transform3D(0.5, 0.5, -0.707107, 0.5, 0.5, 0.707107, 0.707107, -0.707107, -6.32203e-08, 0, 0, 0)
light_color = Color(0, 0, 0.988235, 1)

[node name="lighting_preset_darkroom" type="Node3D" parent="lighting_controller"]
visible = false
script = ExtResource("10_d6id1")
preset_name = "Darkroom"
is_customizable = true

[node name="main_light" type="DirectionalLight3D" parent="lighting_controller/lighting_preset_darkroom"]
transform = Transform3D(0.707107, 0.5, 0.5, -0.707107, 0.5, 0.5, 0, -0.707107, 0.707107, 0, 0, 0)
light_color = Color(1, 0, 0, 1)
light_energy = 0.75

[node name="backlight_1" type="DirectionalLight3D" parent="lighting_controller/lighting_preset_darkroom"]
transform = Transform3D(0.707107, -0.5, 0.5, -0.707107, -0.5, 0.5, 0, -0.707107, -0.707107, 0, 0, 0)
light_color = Color(1, 0.196078, 0.196078, 1)
light_energy = 0.2

[node name="backlight_2" type="DirectionalLight3D" parent="lighting_controller/lighting_preset_darkroom"]
transform = Transform3D(0.5, 0.5, -0.707107, 0.5, 0.5, 0.707107, 0.707107, -0.707107, -6.32203e-08, 0, 0, 0)
light_color = Color(0.196078, 0.196078, 0.196078, 1)
light_energy = 0.05

[node name="lighting_preset_empty" type="Node3D" parent="lighting_controller"]
visible = false
script = ExtResource("10_d6id1")
preset_name = "Empty"

[node name="moving_light_controller" type="Node3D" parent="." node_paths=PackedStringArray("camera")]
script = ExtResource("26_rrpov")
camera = NodePath("../Camera")

[node name="CSGTorus3D" type="CSGTorus3D" parent="moving_light_controller"]
visible = false
inner_radius = 4.95
outer_radius = 5.0
sides = 64
ring_sides = 16
material = SubResource("StandardMaterial3D_whdku")

[node name="WorldEnvironment" type="WorldEnvironment" parent="."]
environment = SubResource("Environment_7futl")

[node name="Camera" parent="." instance=ExtResource("1_degd7")]
transform = Transform3D(-1, 0, -8.74228e-08, 0, 1, 0, 8.74228e-08, 0, -1, 0, 2, 0)

[node name="world_plane" type="Node3D" parent="." node_paths=PackedStringArray("camera")]
script = ExtResource("53_2n2wg")
camera = NodePath("../Camera")

[node name="CSGMesh3D" type="CSGMesh3D" parent="world_plane"]
transform = Transform3D(100, 0, 0, 0, 100, 0, 0, 0, 100, 0, 0, 0)
mesh = SubResource("PlaneMesh_bfdjv")
material = SubResource("StandardMaterial3D_skwcb")

[node name="ui_root" type="Control" parent="."]
layout_mode = 3
anchors_preset = 15
anchor_right = 1.0
anchor_bottom = 1.0
grow_horizontal = 2
grow_vertical = 2
mouse_filter = 2

[node name="next_object_button" type="Button" parent="ui_root"]
custom_minimum_size = Vector2(50, 50)
layout_mode = 1
anchors_preset = -1
anchor_left = 0.935
anchor_top = 0.884
anchor_right = 0.978
anchor_bottom = 0.961
offset_left = -0.120117
offset_top = 0.167969
offset_right = 0.343994
offset_bottom = 0.271973
grow_horizontal = 2
grow_vertical = 2
pivot_offset = Vector2(25, 25)
tooltip_text = "View the next object"
shortcut = SubResource("Shortcut_qss7a")
text = "
"
icon = ExtResource("54_85vjq")
expand_icon = true
script = ExtResource("54_30yx2")

[node name="previous_object_button" type="Button" parent="ui_root"]
custom_minimum_size = Vector2(50, 50)
layout_mode = 1
anchors_preset = -1
anchor_left = 0.87
anchor_top = 0.884
anchor_right = 0.913
anchor_bottom = 0.961
offset_left = -0.240051
offset_top = 0.167969
offset_right = 0.223999
offset_bottom = 0.271973
grow_horizontal = 2
grow_vertical = 2
pivot_offset = Vector2(25, 25)
tooltip_text = "View the previous object"
shortcut = SubResource("Shortcut_rc08y")
icon = ExtResource("56_75ttd")
icon_alignment = 1
expand_icon = true
script = ExtResource("54_30yx2")
move_forward = false

[node name="select_object_button" type="Button" parent="ui_root" node_paths=PackedStringArray("select_window")]
layout_mode = 1
anchors_preset = -1
anchor_left = 0.022
anchor_top = 0.039
anchor_right = 0.135
anchor_bottom = 0.1
offset_left = -0.344002
offset_top = -0.272001
offset_right = -0.520004
offset_bottom = 0.199997
grow_horizontal = 2
grow_vertical = 2
pivot_offset = Vector2(65, 20)
size_flags_horizontal = 4
size_flags_vertical = 4
tooltip_text = "Select another object to view"
theme_override_fonts/font = SubResource("SystemFont_gbd4e")
shortcut = SubResource("Shortcut_5853c")
text = "Select Object"
script = ExtResource("56_51th4")
select_window = NodePath("../../Window")

[node name="flashlight_toggle_button" type="Button" parent="ui_root" node_paths=PackedStringArray("camera")]
custom_minimum_size = Vector2(50, 50)
layout_mode = 1
anchors_preset = -1
anchor_left = 0.935
anchor_top = 0.039
anchor_right = 0.978
anchor_bottom = 0.116
offset_left = -0.120117
offset_top = -0.272001
offset_right = 0.343994
offset_bottom = -0.167999
grow_horizontal = 2
grow_vertical = 2
pivot_offset = Vector2(25, 25)
tooltip_text = "Toggle flashlight on/off"
theme_override_styles/focus = SubResource("StyleBoxEmpty_eq23d")
shortcut = SubResource("Shortcut_uddkm")
icon = ExtResource("59_7wb36")
expand_icon = true
script = ExtResource("60_r0ptn")
camera = NodePath("../../Camera")

[node name="world_lighting_toggle_button" type="Button" parent="ui_root" node_paths=PackedStringArray("main_light", "backlight", "world_environment")]
visible = false
custom_minimum_size = Vector2(50, 50)
layout_mode = 1
anchors_preset = -1
anchor_left = 0.87
anchor_top = 0.039
anchor_right = 0.913
anchor_bottom = 0.116
offset_left = -0.240051
offset_top = -0.272001
offset_right = 0.223999
offset_bottom = -0.167999
grow_horizontal = 2
grow_vertical = 2
tooltip_text = "Toggle world lighting modes"
shortcut = SubResource("Shortcut_m2pwi")
icon = ExtResource("61_4qfjy")
expand_icon = true
script = ExtResource("62_yowdy")
main_light = NodePath("")
backlight = NodePath("")
world_environment = NodePath("../../WorldEnvironment")

[node name="annotations_toggle_button" type="Button" parent="ui_root"]
custom_minimum_size = Vector2(50, 50)
layout_mode = 1
anchors_preset = -1
anchor_left = 0.718
anchor_top = 0.039
anchor_right = 0.761
anchor_bottom = 0.116
offset_left = -0.136169
offset_top = -0.272001
offset_right = 0.327942
offset_bottom = -0.167999
grow_horizontal = 2
grow_vertical = 2
pivot_offset = Vector2(25, 25)
tooltip_text = "Toggle annotations on/off"
shortcut = SubResource("Shortcut_oup0k")
icon = ExtResource("67_wwbkf")
expand_icon = true
script = ExtResource("68_iinhw")

[node name="select_lighting_preset_option_ button" type="OptionButton" parent="ui_root"]
custom_minimum_size = Vector2(150, 50)
layout_mode = 1
anchors_preset = -1
anchor_left = 0.783
anchor_top = 0.039
anchor_right = 0.913
anchor_bottom = 0.116
offset_left = -0.0160522
offset_top = -0.272001
offset_right = 0.223999
offset_bottom = -0.167999
grow_horizontal = 2
grow_vertical = 2
pivot_offset = Vector2(75, 25)
script = ExtResource("23_timv0")

[node name="screenshot_button" type="Button" parent="ui_root"]
custom_minimum_size = Vector2(50, 50)
layout_mode = 1
anchors_preset = -1
anchor_left = 0.653
anchor_top = 0.039
anchor_right = 0.696
anchor_bottom = 0.116
offset_left = -0.256042
offset_top = -0.272001
offset_right = 0.208069
offset_bottom = -0.167999
grow_horizontal = 2
grow_vertical = 2
pivot_offset = Vector2(25, 25)
tooltip_text = "Toggle annotations on/off"
icon = ExtResource("24_xbw2p")
expand_icon = true
script = ExtResource("25_f72p0")

[node name="customize_lighting_button" type="Button" parent="ui_root" node_paths=PackedStringArray("connected_lighting_controller")]
custom_minimum_size = Vector2(150, 50)
layout_mode = 1
anchors_preset = -1
anchor_left = 0.783
anchor_top = 0.154
anchor_right = 0.913
anchor_bottom = 0.231
offset_left = -0.0160522
offset_top = 0.207993
offset_right = 0.223999
offset_bottom = 0.311996
grow_horizontal = 2
grow_vertical = 2
pivot_offset = Vector2(75, 25)
text = "Customize Lights"
script = ExtResource("27_m6k8c")
connected_lighting_controller = NodePath("../../moving_light_controller")

[node name="Window" type="Window" parent="." node_paths=PackedStringArray("artifacts_controller")]
disable_3d = true
title = "Select Artifact"
position = Vector2i(432, 81)
size = Vector2i(288, 486)
visible = false
unresizable = true
transparent = true
popup_window = true
script = ExtResource("56_oke6g")
artifacts_controller = NodePath("../artifacts_controller")
artifacts_controller_node_path = NodePath("../artifacts_controller")

[node name="ScrollContainer" type="ScrollContainer" parent="Window"]
anchors_preset = 15
anchor_right = 1.0
anchor_bottom = 1.0
grow_horizontal = 2
grow_vertical = 2
horizontal_scroll_mode = 0

[node name="VBoxContainer" type="VBoxContainer" parent="Window/ScrollContainer"]
layout_mode = 2
size_flags_horizontal = 3

[node name="select_artifact_button" type="Button" parent="Window/ScrollContainer/VBoxContainer" node_paths=PackedStringArray("parent_window")]
visible = false
layout_mode = 2
size_flags_horizontal = 3
text = "DEMO TEXT
"
alignment = 0
script = ExtResource("56_1pv8i")
target_artifact_path = NodePath("../../../../artifacts_controller/altarpiece")
parent_window = NodePath("../../..")

[node name="light_test" type="SpotLight3D" parent="."]
transform = Transform3D(1, 0, 0, 0, 1, 0, 0, 0, 1, 0, 4.17862, 7.24764)
visible = false
light_color = Color(1, 0, 1, 1)
light_energy = 16.0
spot_range = 35.0

[node name="new_light_widget" parent="." node_paths=PackedStringArray("scene_camera_rig", "controller") instance=ExtResource("31_tkixp")]
transform = Transform3D(1, 0, 0, 0, 1, 0, 0, 0, 1, 0, 3, 0)
scene_camera_rig = NodePath("../Camera")
controller = NodePath("../moving_light_controller")

[node name="CSGMesh3D" type="CSGMesh3D" parent="."]
transform = Transform3D(1, 0, 0, 0, 1, 0, 0, 0, 1, 0, 0, -5)
mesh = SubResource("CylinderMesh_ijaf2")

[connection signal="item_selected" from="ui_root/select_lighting_preset_option_ button" to="ui_root/select_lighting_preset_option_ button" method="_on_item_selected"]
[connection signal="close_requested" from="Window" to="Window" method="_on_close_requested"]
